144.9873417721519,10.39240506329114,329.79746835443035,9.126582278481012,331.0632911392405,50.89873417721519,146.25316455696202,52.164556962025316
523.0,21.0,1236.0,13.0,1236.0,76.0,524.0,84.0
1250.0,17.0,1329.0,17.0,1329.0,61.0,1250.0,61.0
830.0,100.0,969.0379746835442,99.0,967.7721518987341,140.77215189873417,833.0,142.0
450.0506329113924,99.0,595.0,95.0,595.620253164557,142.0379746835443,450.0506329113924,140.77215189873417
164.0,107.0,263.0,107.0,263.0,143.0,164.0,143.0
1203.0,98.0,1333.0,98.0,1333.0,140.0,1203.0,140.0
458.7974683544305,138.7341772151899,720.9367088607595,135.70886075949366,720.9367088607595,177.48101265822785,459.7974683544305,184.7341772151899
160.0,141.0,312.0759493670886,136.9746835443038,313.0,182.0,158.91139240506328,186.34177215189874
842.2658227848101,146.26582278481013,1041.1898734177214,142.0379746835443,1041.1898734177214,177.48101265822783,842.2658227848101,177.26582278481013
1203.0,138.0,1426.0,134.0,1427.0,170.0,1203.0,174.0
153.84810126582278,180.0126582278481,342.0,176.0,343.0,216.0,160.0,220.0
451.3164556962025,180.0126582278481,728.0,176.0,728.0,218.0,453.8481012658227,221.78481012658227
836.0,180.0,969.0379746835442,177.48101265822785,970.3037974683543,219.25316455696202,838.0,222.0
1201.0,174.0,1333.0,174.0,1333.0,210.0,1201.0,210.0
1172.0,218.0,1261.0,218.0,1261.0,254.0,1172.0,254.0
977.0,220.0,1043.0,220.0,1043.0,258.0,977.0,258.0
789.0,225.0,856.0,219.0,860.0,257.0,793.0,263.0
594.0,226.0,708.0,226.0,708.0,262.0,594.0,262.0
1435.0,218.0,1495.0,218.0,1495.0,251.0,1435.0,251.0
152.0,231.0,187.0,231.0,187.0,258.0,152.0,258.0
205.74683544303798,228.1139240506329,376.0,228.0,376.0,258.0,205.74683544303798,258.49367088607596
990.0,264.0,1104.0,260.0,1106.0,298.0,992.0,303.0
591.0,265.0,686.0,270.0,684.0,307.0,589.0,301.0
792.0,266.0,921.0,266.0,921.0,302.0,792.0,302.0
210.0,268.0,531.0,268.0,531.0,308.0,210.0,308.0
1174.0,262.0,1232.0,262.0,1232.0,295.0,1174.0,295.0
1174.0,304.0,1250.0,304.0,1250.0,342.0,1174.0,342.0
793.0,309.0,893.0886075949367,307.86075949367086,894.3544303797468,352.1645569620253,796.0,351.0
988.0,309.0,1106.0,303.0,1108.0,346.0,990.0,351.0
212.0,312.0,531.0,312.0,531.0,352.0,212.0,352.0
596.0,312.0,683.0,312.0,683.0,348.0,596.0,348.0
1456.0,304.0,1514.0,304.0,1514.0,344.0,1456.0,344.0
148.0,316.0,183.0,316.0,183.0,356.0,148.0,356.0
595.0,355.0,686.0,360.0,684.0,397.0,593.0,391.0
790.0,356.0,878.0,356.0,878.0,394.0,790.0,394.0
990.0,357.0,1100.6835443037974,354.69620253164555,1101.9493670886075,396.46835443037975,992.0,395.0
1174.0,348.0,1236.0,348.0,1236.0,388.0,1174.0,388.0
152.0,365.0,187.0,365.0,187.0,400.0,152.0,400.0
212.0,360.0,517.0,356.0,518.0,396.0,213.0,400.0
598.0,402.0,683.0,402.0,683.0,438.0,598.0,438.0
792.0,402.0,880.0,402.0,880.0,438.0,792.0,438.0
993.0,402.0,1104.0,402.0,1104.0,438.0,993.0,438.0
212.0,406.0,517.0,401.0,518.0,442.0,213.0,446.0
1176.0,398.0,1220.0,398.0,1220.0,432.0,1176.0,432.0
148.78481012658227,410.3924050632911,185.49367088607596,409.126582278481,185.49367088607596,443.3037974683544,150.0506329113924,443.3037974683544
792.0,446.0,880.0,446.0,880.0,482.0,792.0,482.0
993.0,448.0,1104.0,448.0,1104.0,484.0,993.0,484.0
216.0,450.0,576.0,447.0,576.0,488.0,216.0,490.0
601.0,451.0,740.0,451.0,740.0,482.0,601.0,482.0
1178.0,442.0,1220.0,442.0,1220.0,478.0,1178.0,478.0
153.0,453.0,181.69620253164555,452.1645569620253,182.0,489.0,152.58227848101265,490.1392405063291
794.0,492.0,878.0,492.0,878.0,528.0,794.0,528.0
993.0,492.0,1102.0,492.0,1102.0,528.0,993.0,528.0
600.0,493.0,699.0,493.0,699.0,530.0,600.0,530.0
214.0,494.0,533.0,491.0,533.0,533.0,214.0,536.0
1180.0,488.0,1220.0,488.0,1220.0,522.0,1180.0,522.0
154.0,501.0,183.0,501.0,183.0,534.0,154.0,534.0
597.0,535.0,701.0,540.0,700.0,576.0,595.0,571.0
791.0,537.0,904.4810126582278,535.7088607594936,905.746835443038,578.746835443038,794.0,579.0
214.0,541.0,448.0,541.0,448.0,581.0,214.0,581.0
154.0,545.0,185.0,545.0,185.0,578.0,154.0,578.0
995.0,537.0,1102.0,537.0,1102.0,574.0,995.0,574.0
596.0,581.0,730.0,586.0,729.0,622.0,595.0,617.0
216.0,585.0,512.0,583.0,512.0,623.0,216.0,625.0
796.0,583.0,936.126582278481,582.5443037974683,936.126582278481,623.0506329113924,796.0,620.0
156.0,591.0,185.0,591.0,185.0,623.0,156.0,623.0
997.0,587.0,1096.0,587.0,1096.0,618.0,997.0,618.0
798.0,631.0,876.0,631.0,876.0,662.0,798.0,662.0
1178.0,623.0,1238.0,623.0,1238.0,662.0,1178.0,662.0
216.0,633.0,601.9493670886076,628.1139240506329,604.4810126582278,668.620253164557,216.0,673.0
153.84810126582278,638.2405063291138,185.49367088607593,636.9746835443037,186.0632911392405,669.5316455696202,155.1139240506329,669.886075949367
999.0,633.0,1096.0,633.0,1096.0,664.0,999.0,664.0
861.4430379746835,976.2151898734177,1201.9493670886075,977.4810126582278,1203.2151898734176,1016.7215189873417,860.1772151898733,1019.253164556962
1210.8101265822784,973.6835443037975,1423.4683544303796,971.1518987341772,1423.4683544303796,1017.9873417721518,1210.8101265822784,1020.5189873417721
487.0,983.0,839.0,983.0,839.0,1017.0,487.0,1017.0
139.9240506329114,981.2784810126582,480.43037974683546,982.5443037974683,481.0,1016.0,139.9240506329114,1020.5189873417721
1424.7341772151897,973.6835443037975,1614.607594936709,972.4177215189873,1614.6075949367087,1017.9873417721519,1424.73417721519,1019.253164556962
142.0,1021.0,1175.367088607595,1015.4556962025316,1175.367088607595,1053.4303797468353,142.0,1056.0
146.25316455696202,273.6835443037975,186.75949367088606,272.4177215189873,184.2278481012658,309.126582278481,144.9873417721519,307.86075949367086
601.9493670886076,629.379746835443,689.2911392405063,628.1139240506329,689.2911392405063,669.8860759493671,600.6835443037975,669.8860759493671
